-0.494343 -0.869248 0.00570628 0.271283 0.867473 -0.493734 -0.0609658 -0.478529 0.0558118 -0.025188 0.998124 0.0919406
-0.494343 -0.869248 0.00570628 0.271283 0.867473 -0.493734 -0.0609658 -0.478529 0.0558118 -0.025188 0.998124 0.0919406
-0.494351 -0.869244 0.00568999 0.264745 0.867471 -0.493742 -0.0609367 -0.467083 0.0557782 -0.0251882 0.998125 0.0930645
-0.494359 -0.869239 0.0056737 0.258211 0.867469 -0.493749 -0.0609075 -0.455645 0.0557446 -0.0251884 0.998127 0.0941876
-0.494367 -0.869235 0.00565742 0.25168 0.867466 -0.493757 -0.0608784 -0.444212 0.0557111 -0.0251886 0.998129 0.0953103
-0.494375 -0.869231 0.00564114 0.245151 0.867464 -0.493765 -0.0608493 -0.432782 0.0556775 -0.0251889 0.998131 0.0964327
-0.494382 -0.869226 0.00562489 0.238631 0.867462 -0.493772 -0.0608203 -0.421368 0.055644 -0.0251891 0.998133 0.0975535
-0.49439 -0.869222 0.00560864 0.232112 0.867459 -0.49378 -0.0607912 -0.409956 0.0556105 -0.0251893 0.998135 0.0986742
-0.494379 -0.869229 0.00560062 0.228123 0.867467 -0.493768 -0.0607726 -0.402461 0.0555907 -0.0251863 0.998136 0.100222
-0.494367 -0.869235 0.00559259 0.224132 0.867475 -0.493757 -0.0607539 -0.394961 0.0555708 -0.0251833 0.998137 0.101771
-0.494356 -0.869242 0.00558457 0.220142 0.867483 -0.493746 -0.0607352 -0.387465 0.055551 -0.0251803 0.998138 0.10332
-0.494344 -0.869248 0.00557656 0.216155 0.867491 -0.493734 -0.0607166 -0.379974 0.0555311 -0.0251773 0.998139 0.104867
-0.494333 -0.869255 0.00556854 0.212169 0.867499 -0.493723 -0.060698 -0.372484 0.0555113 -0.0251743 0.998141 0.106414
-0.49437 -0.869234 0.00557071 0.209883 0.867478 -0.49376 -0.0606906 -0.370075 0.055505 -0.0251711 0.998141 0.106952
-0.494407 -0.869213 0.00557288 0.207598 0.867457 -0.493797 -0.0606833 -0.367666 0.0554986 -0.025168 0.998142 0.10749
-0.494444 -0.869192 0.00557505 0.205313 0.867437 -0.493834 -0.060676 -0.365257 0.0554922 -0.0251649 0.998142 0.108028
-0.49448 -0.869171 0.00557722 0.203031 0.867416 -0.493871 -0.0606687 -0.362851 0.0554859 -0.0251617 0.998142 0.108565
-0.494517 -0.86915 0.00557938 0.200749 0.867395 -0.493908 -0.0606614 -0.360446 0.0554795 -0.0251586 0.998143 0.109103
-0.494554 -0.869129 0.00558154 0.198466 0.867375 -0.493946 -0.0606541 -0.35804 0.0554732 -0.0251554 0.998143 0.10964
-0.494568 -0.869121 0.00552792 0.196643 0.867369 -0.493957 -0.0606406 -0.3569 0.0554346 -0.0251962 0.998144 0.110059
-0.494582 -0.869114 0.00547423 0.194818 0.867364 -0.493968 -0.0606271 -0.355758 0.0553959 -0.0252369 0.998145 0.110479
-0.494596 -0.869106 0.00542055 0.192993 0.867358 -0.49398 -0.0606136 -0.354616 0.0553573 -0.0252777 0.998147 0.110899
-0.49461 -0.869098 0.00536682 0.191166 0.867353 -0.493991 -0.0606001 -0.353474 0.0553186 -0.0253185 0.998148 0.111319
-0.494624 -0.869091 0.00531317 0.189342 0.867347 -0.494002 -0.0605866 -0.352333 0.0552799 -0.0253592 0.998149 0.111739
-0.494682 -0.869058 0.00532465 0.188533 0.867313 -0.49406 -0.0606033 -0.352299 0.0552985 -0.0253612 0.998148 0.112139
-0.49474 -0.869025 0.00533614 0.187723 0.867279 -0.494118 -0.06062 -0.352264 0.055317 -0.0253632 0.998147 0.112539
-0.494798 -0.868992 0.00534764 0.186913 0.867245 -0.494176 -0.0606368 -0.35223 0.0553356 -0.0253652 0.998146 0.112939
-0.494856 -0.868959 0.00535914 0.186103 0.86721 -0.494234 -0.0606536 -0.352195 0.0553541 -0.0253673 0.998145 0.11334
-0.494913 -0.868926 0.00537064 0.185293 0.867176 -0.494292 -0.0606703 -0.35216 0.0553727 -0.0253693 0.998143 0.11374
-0.494971 -0.868893 0.00538214 0.184482 0.867142 -0.49435 -0.0606871 -0.352126 0.0553912 -0.0253713 0.998142 0.114141
-0.494985 -0.868885 0.00536283 0.1844 0.867136 -0.494363 -0.0606631 -0.353031 0.0553604 -0.025377 0.998144 0.11448
-0.494999 -0.868877 0.00534353 0.184318 0.86713 -0.494377 -0.0606391 -0.353935 0.0553296 -0.0253827 0.998145 0.114819
-0.495013 -0.868869 0.00532425 0.184235 0.867124 -0.49439 -0.0606151 -0.354839 0.0552989 -0.0253885 0.998147 0.115157
-0.495027 -0.868862 0.00530498 0.184153 0.867118 -0.494403 -0.0605912 -0.355742 0.0552681 -0.0253942 0.998149 0.115495
-0.49504 -0.868854 0.00528569 0.184071 0.867112 -0.494417 -0.0605672 -0.356646 0.0552374 -0.0253999 0.99815 0.115834
-0.495054 -0.868846 0.00526641 0.183989 0.867106 -0.49443 -0.0605432 -0.35755 0.0552066 -0.0254056 0.998152 0.116172
-0.495095 -0.868823 0.00529132 0.184081 0.867081 -0.494471 -0.0605721 -0.358818 0.0552428 -0.0254009 0.99815 0.116334
-0.495136 -0.868799 0.00531624 0.184174 0.867055 -0.494513 -0.0606009 -0.360087 0.055279 -0.0253962 0.998148 0.116497
-0.495177 -0.868775 0.00534114 0.184266 0.867029 -0.494555 -0.0606298 -0.361355 0.0553151 -0.0253916 0.998146 0.116659
-0.495218 -0.868752 0.00536603 0.184358 0.867004 -0.494596 -0.0606586 -0.362623 0.0553513 -0.0253869 0.998144 0.116821
-0.49526 -0.868728 0.00539098 0.184451 0.866978 -0.494638 -0.0606875 -0.363893 0.0553875 -0.0253822 0.998142 0.116983
-0.495301 -0.868705 0.00541596 0.184543 0.866952 -0.49468 -0.0607164 -0.365165 0.0554238 -0.0253775 0.99814 0.117146
-0.495333 -0.868686 0.00544256 0.185153 0.866932 -0.494713 -0.0607356 -0.366315 0.0554527 -0.025366 0.998139 0.1171
-0.495364 -0.868668 0.00546915 0.185763 0.866912 -0.494745 -0.0607547 -0.367465 0.0554815 -0.0253545 0.998138 0.117054
-0.495396 -0.86865 0.00549572 0.186372 0.866892 -0.494778 -0.0607738 -0.368614 0.0555103 -0.0253429 0.998136 0.117008
-0.495428 -0.868631 0.00552224 0.18698 0.866872 -0.494811 -0.0607929 -0.36976 0.0555391 -0.0253315 0.998135 0.116962
-0.49546 -0.868613 0.00554874 0.187587 0.866852 -0.494843 -0.060812 -0.370906 0.0555679 -0.02532 0.998134 0.116916
-0.495493 -0.868594 0.00557516 0.188169 0.866831 -0.494878 -0.0608242 -0.371415 0.0555905 -0.0253052 0.998133 0.116726
-0.495527 -0.868575 0.00560163 0.188751 0.866811 -0.494913 -0.0608363 -0.371924 0.0556132 -0.0252905 0.998132 0.116535
-0.49556 -0.868555 0.0056281 0.189334 0.86679 -0.494947 -0.0608484 -0.372434 0.0556359 -0.0252757 0.998131 0.116344
-0.495594 -0.868536 0.00565457 0.189916 0.866769 -0.494982 -0.0608606 -0.372944 0.0556585 -0.0252609 0.99813 0.116153
-0.495627 -0.868517 0.00568103 0.190498 0.866749 -0.495016 -0.0608727 -0.373453 0.0556812 -0.0252461 0.998129 0.115962
-0.495669 -0.868493 0.0057008 0.191365 0.866722 -0.495058 -0.0609055 -0.373745 0.0557182 -0.025248 0.998127 0.115735
-0.495711 -0.868469 0.00572054 0.19223 0.866696 -0.4951 -0.0609383 -0.374036 0.0557553 -0.0252498 0.998125 0.115509
-0.495752 -0.868445 0.00574028 0.193095 0.86667 -0.495142 -0.0609711 -0.374327 0.0557923 -0.0252516 0.998123 0.115282
-0.495794 -0.868421 0.00576002 0.19396 0.866644 -0.495184 -0.0610038 -0.374618 0.0558293 -0.0252534 0.998121 0.115055
-0.495836 -0.868397 0.00577978 0.194825 0.866618 -0.495226 -0.0610366 -0.374909 0.0558663 -0.0252553 0.998119 0.114828
-0.495878 -0.868373 0.00579956 0.195692 0.866591 -0.495268 -0.0610694 -0.375201 0.0559033 -0.0252571 0.998117 0.114601
-0.49589 -0.868366 0.00578484 0.196323 0.866583 -0.495278 -0.0610978 -0.375502 0.0559204 -0.0252847 0.998115 0.114082
-0.495902 -0.868359 0.00577011 0.196954 0.866575 -0.495289 -0.0611262 -0.375804 0.0559374 -0.0253124 0.998113 0.113562
-0.495914 -0.868352 0.0057554 0.197584 0.866567 -0.4953 -0.0611546 -0.376105 0.0559544 -0.02534 0.998112 0.113043
-0.495926 -0.868345 0.00574069 0.198215 0.866559 -0.49531 -0.061183 -0.376407 0.0559714 -0.0253676 0.99811 0.112524
-0.495939 -0.868339 0.00572598 0.198846 0.866551 -0.495321 -0.0612114 -0.376708 0.0559884 -0.0253953 0.998108 0.112005
-0.49599 -0.868309 0.00572671 0.198969 0.866522 -0.495372 -0.0611973 -0.377154 0.0559751 -0.0253909 0.998109 0.111787
-0.496041 -0.86828 0.00572744 0.199092 0.866494 -0.495424 -0.0611833 -0.377599 0.0559618 -0.0253866 0.99811 0.11157
-0.496092 -0.868251 0.00572816 0.199214 0.866466 -0.495475 -0.0611692 -0.378044 0.0559484 -0.0253823 0.998111 0.111353
-0.496143 -0.868222 0.00572889 0.199337 0.866437 -0.495526 -0.0611552 -0.378488 0.0559351 -0.025378 0.998112 0.111136
-0.496194 -0.868193 0.00572961 0.19946 0.866409 -0.495578 -0.0611412 -0.378933 0.0559218 -0.0253737 0.998113 0.110919
-0.496245 -0.868164 0.00573033 0.199583 0.866381 -0.495629 -0.0611271 -0.379378 0.0559085 -0.0253694 0.998114 0.110702
-0.496302 -0.868131 0.00574655 0.198481 0.866345 -0.495686 -0.0611729 -0.379909 0.0559546 -0.0253817 0.998111 0.110747
-0.496359 -0.868098 0.00576278 0.197379 0.866309 -0.495743 -0.0612187 -0.380441 0.0560007 -0.0253941 0.998108 0.110793
-0.496416 -0.868065 0.00577903 0.196276 0.866274 -0.495799 -0.0612646 -0.380972 0.0560469 -0.0254065 0.998105 0.110839
-0.496473 -0.868033 0.00579526 0.195173 0.866238 -0.495856 -0.0613104 -0.381504 0.0560931 -0.0254189 0.998102 0.110884
-0.49653 -0.868 0.00581148 0.194073 0.866202 -0.495913 -0.0613562 -0.382034 0.0561391 -0.0254313 0.998099 0.11093
-0.496575 -0.867975 0.00580193 0.190954 0.866177 -0.495957 -0.0613561 -0.382844 0.056133 -0.0254424 0.998099 0.111527
-0.49662 -0.867949 0.00579238 0.187833 0.866152 -0.496001 -0.061356 -0.383655 0.0561269 -0.0254535 0.998099 0.112124
-0.496664 -0.867923 0.00578283 0.184712 0.866126 -0.496045 -0.0613559 -0.384465 0.0561208 -0.0254646 0.998099 0.112722
-0.496709 -0.867898 0.00577327 0.18159 0.866101 -0.496089 -0.0613558 -0.385276 0.0561147 -0.0254757 0.998099 0.11332
-0.496754 -0.867872 0.00576371 0.178464 0.866076 -0.496133 -0.0613557 -0.386088 0.0561085 -0.0254869 0.998099 0.113918
-0.496798 -0.867847 0.00575413 0.175333 0.866051 -0.496177 -0.0613557 -0.386901 0.0561024 -0.025498 0.998099 0.114517
-0.496821 -0.867834 0.00576374 0.168406 0.866034 -0.496198 -0.06143 -0.388032 0.056171 -0.0255281 0.998095 0.11571
-0.496843 -0.867821 0.00577335 0.161484 0.866016 -0.496219 -0.0615043 -0.389163 0.0562396 -0.0255581 0.99809 0.116902
-0.496865 -0.867809 0.00578295 0.154565 0.865999 -0.496239 -0.0615786 -0.390293 0.0563081 -0.0255882 0.998085 0.118093
-0.496887 -0.867796 0.00579256 0.147648 0.865982 -0.49626 -0.0616528 -0.391423 0.0563767 -0.0256182 0.998081 0.119284
-0.496909 -0.867783 0.00580216 0.140732 0.865965 -0.496281 -0.061727 -0.392553 0.0564452 -0.0256482 0.998076 0.120474
-0.49694 -0.867765 0.00583447 0.129051 0.865943 -0.496312 -0.0617833 -0.393919 0.0565091 -0.0256503 0.998073 0.122326
-0.496971 -0.867747 0.00586673 0.117385 0.865921 -0.496344 -0.0618395 -0.395283 0.0565729 -0.0256523 0.998069 0.124174
-0.497003 -0.867729 0.00589898 0.105722 0.865899 -0.496375 -0.0618956 -0.396647 0.0566367 -0.0256544 0.998065 0.126022
-0.497034 -0.867711 0.00593123 0.0940642 0.865877 -0.496407 -0.0619518 -0.39801 0.0567005 -0.0256564 0.998062 0.12787
-0.497065 -0.867693 0.00596348 0.0824028 0.865854 -0.496439 -0.0620079 -0.399374 0.0567643 -0.0256585 0.998058 0.129718
-0.497097 -0.867675 0.00599577 0.07073 0.865832 -0.49647 -0.0620641 -0.400739 0.0568282 -0.0256605 0.998054 0.131567
-0.497168 -0.867633 0.00604032 0.0530748 0.865787 -0.496543 -0.0621145 -0.401855 0.0568919 -0.0256517 0.998051 0.134543
-0.497239 -0.867592 0.00608486 0.0354235 0.865742 -0.496615 -0.0621649 -0.402972 0.0569556 -0.0256429 0.998047 0.137518
-0.497311 -0.867551 0.00612935 0.0177929 0.865697 -0.496688 -0.0622153 -0.404087 0.0570193 -0.0256342 0.998044 0.14049
-0.497382 -0.867509 0.00617379 0.00018212 0.865651 -0.49676 -0.0622655 -0.4052 0.0570828 -0.0256254 0.99804 0.143458
-0.497454 -0.867468 0.00621819 -0.0174094 0.865606 -0.496832 -0.0623157 -0.406313 0.0571463 -0.0256167 0.998037 0.146423
-0.497494 -0.867445 0.00621582 -0.0403762 0.865581 -0.496872 -0.0623525 -0.405832 0.0571759 -0.0256397 0.998035 0.150818
-0.497535 -0.867421 0.00621345 -0.0633657 0.865555 -0.496912 -0.0623894 -0.405351 0.0572054 -0.0256628 0.998033 0.155217
-0.497576 -0.867398 0.00621107 -0.0863558 0.86553 -0.496952 -0.0624262 -0.404869 0.0572349 -0.0256859 0.99803 0.159616
-0.497617 -0.867374 0.0062087 -0.109366 0.865504 -0.496992 -0.062463 -0.404387 0.0572645 -0.025709 0.998028 0.16402
-0.497658 -0.867351 0.00620633 -0.132398 0.865479 -0.497031 -0.0624999 -0.403905 0.0572941 -0.0257322 0.998026 0.168427
-0.497783 -0.867279 0.00627188 -0.15757 0.865396 -0.497155 -0.0626576 -0.400356 0.0574597 -0.0257622 0.998015 0.173733
-0.497907 -0.867207 0.00633743 -0.182735 0.865314 -0.497279 -0.0628153 -0.396808 0.0576253 -0.0257923 0.998005 0.179038
-0.498031 -0.867135 0.00640287 -0.20785 0.865231 -0.497403 -0.0629726 -0.393268 0.0577906 -0.0258224 0.997995 0.184333
-0.498155 -0.867064 0.00646834 -0.232968 0.865149 -0.497526 -0.06313 -0.389726 0.0579559 -0.0258525 0.997984 0.189627
-0.498279 -0.866992 0.0065338 -0.258069 0.865066 -0.49765 -0.0632872 -0.386187 0.058121 -0.0258825 0.997974 0.194919
-0.504005 -0.863687 0.00490682 -0.279059 0.862003 -0.503362 -0.0598065 -0.374893 0.054124 -0.0259131 0.998198 0.202775
-0.504931 -0.863147 0.00472762 -0.295169 0.861505 -0.504295 -0.059122 -0.360874 0.0534151 -0.0257797 0.99824 0.20845
-0.505858 -0.862605 0.00454747 -0.311299 0.861005 -0.505228 -0.0584369 -0.346838 0.0527054 -0.0256454 0.998281 0.214133
-0.506783 -0.862063 0.00436681 -0.327409 0.860504 -0.506159 -0.0577528 -0.33282 0.0519968 -0.0255105 0.998321 0.219807
-0.507706 -0.86152 0.00418568 -0.343496 0.860002 -0.507089 -0.0570698 -0.318821 0.0512893 -0.025375 0.998361 0.225474
-0.508943 -0.860792 0.0037092 -0.330542 0.859324 -0.508318 -0.0563375 -0.318047 0.0503803 -0.0254852 0.998405 0.229477
-0.510068 -0.860124 0.00416106 -0.2847 0.858473 -0.509377 -0.0596609 -0.326135 0.0534354 -0.026859 0.99821 0.227479
-0.511191 -0.859455 0.00461746 -0.23884 0.857609 -0.510431 -0.0629845 -0.334222 0.0564892 -0.0282371 0.998004 0.225481
-0.513594 -0.858022 0.00434351 -0.151268 0.855647 -0.512537 -0.071927 -0.344909 0.0639412 -0.0332248 0.9974 0.219297
-0.524365 -0.851488 0.00316924 -0.0534399 0.848513 -0.522837 -0.0816591 -0.353577 0.0711887 -0.04013 0.996655 0.205757
-0.543319 -0.839522 0.00254969 0.028918 0.835101 -0.540764 -0.100894 -0.365701 0.0860818 -0.0526885 0.994894 0.192021
-0.56002 -0.828475 0.00247948 0.0567991 0.823302 -0.556852 -0.109951 -0.377998 0.0924722 -0.0595333 0.993934 0.18468
-0.575009 -0.81814 0.0035053 0.0613251 0.812106 -0.571278 -0.118848 -0.400352 0.099237 -0.0654921 0.992906 0.182528
-0.594801 -0.803853 0.00556514 0.0691005 0.796651 -0.59037 -0.129652 -0.434736 0.107507 -0.0726837 0.991544 0.176927
-0.609586 -0.792692 0.00667789 0.108339 0.785267 -0.604985 -0.131716 -0.477729 0.108451 -0.0750486 0.991265 0.184093
-0.622753 -0.782373 0.00847603 0.202484 0.774841 -0.61819 -0.132147 -0.530595 0.108628 -0.0757272 0.991194 0.186945
-0.63577 -0.77181 0.010285 0.29675 0.764173 -0.631246 -0.132548 -0.583471 0.108794 -0.0764103 0.991123 0.189808
-0.645469 -0.763731 0.00922861 0.386934 0.756675 -0.641057 -0.128411 -0.629605 0.103988 -0.0759023 0.991678 0.192351
-0.654609 -0.755891 0.0107295 0.455569 0.748847 -0.650321 -0.12771 -0.661714 0.103512 -0.0755653 0.991754 0.191235
-0.658735 -0.752312 0.00973037 0.471523 0.745838 -0.654659 -0.123077 -0.672627 0.0989623 -0.0738179 0.992349 0.188359
-0.657685 -0.753223 0.0102945 0.4502 0.746925 -0.653838 -0.120827 -0.677595 0.0977402 -0.0717767 0.99262 0.182189
-0.650452 -0.759501 0.00840403 0.408214 0.753529 -0.646648 -0.118492 -0.686947 0.0954295 -0.0707409 0.992919 0.173254
-0.643172 -0.765694 0.00654105 0.36631 0.760039 -0.639415 -0.116145 -0.696237 0.093114 -0.0697299 0.993211 0.164347
-0.645582 -0.763682 0.00383404 0.34168 0.758569 -0.641824 -0.112405 -0.726302 0.0883026 -0.0696584 0.993655 0.157201
-0.646568 -0.762856 -0.000259217 0.327391 0.758603 -0.642928 -0.105663 -0.771617 0.0804389 -0.068515 0.994402 0.150022
-0.647314 -0.762208 -0.00486913 0.341517 0.758529 -0.643536 -0.102447 -0.824546 0.0749524 -0.0700088 0.994727 0.146407
-0.649359 -0.76041 -0.0104402 0.382735 0.757329 -0.645358 -0.0998306 -0.875659 0.0691745 -0.0727326 0.99495 0.143559
-0.656064 -0.754486 -0.0181888 0.447759 0.752224 -0.651765 -0.0967542 -0.912998 0.0611448 -0.077159 0.995142 0.144303
-0.671388 -0.740245 -0.0357222 0.515831 0.739797 -0.66656 -0.0916392 -0.943669 0.0440244 -0.0879527 0.995151 0.145311
-0.684763 -0.726905 -0.0520415 0.568147 0.728201 -0.679676 -0.0881111 -0.974831 0.0286771 -0.0982319 0.99475 0.14672
-0.696393 -0.715771 -0.0520469 0.607868 0.717084 -0.691094 -0.090443 -1.00872 0.0287672 -0.100306 0.994541 0.15267
-0.710031 -0.702521 -0.0481629 0.641571 0.703437 -0.704509 -0.0940387 -1.0457 0.0321329 -0.10065 0.994403 0.164224
-0.721858 -0.690861 -0.0403866 0.684489 0.690928 -0.716161 -0.0986485 -1.08443 0.0392291 -0.0991145 0.994302 0.1692
-0.728569 -0.684322 -0.0298628 0.750677 0.683224 -0.722905 -0.103021 -1.12769 0.0489113 -0.0954605 0.994231 0.171286
-0.735793 -0.676994 -0.0169681 0.831615 0.674449 -0.730309 -0.108479 -1.17358 0.0610474 -0.0912619 0.993954 0.166479
-0.743922 -0.668229 -0.00711802 0.909032 0.664788 -0.738922 -0.109778 -1.21728 0.0680969 -0.086398 0.993931 0.160745
-0.745093 -0.666961 2.79024e-05 0.972896 0.662911 -0.740572 -0.110009 -1.26426 0.0733925 -0.0819485 0.993931 0.153854
-0.740449 -0.672068 0.00768761 1.02242 0.667429 -0.73659 -0.109428 -1.30553 0.0792058 -0.075895 0.993965 0.14841
-0.738357 -0.674192 0.0171254 1.05842 0.668791 -0.73524 -0.110184 -1.34842 0.0868764 -0.0699016 0.993764 0.140323
-0.741466 -0.670546 0.0244163 1.08438 0.664518 -0.738869 -0.111753 -1.39341 0.0929758 -0.0666356 0.993436 0.131743
-0.743703 -0.667698 0.0329452 1.11276 0.660762 -0.741671 -0.115405 -1.44073 0.10149 -0.0640581 0.992772 0.121897
-0.744591 -0.666336 0.0397506 1.149 0.658703 -0.743098 -0.117966 -1.48895 0.108143 -0.0616524 0.992222 0.115581
-0.745814 -0.664407 0.0482235 1.19429 0.655732 -0.744974 -0.122589 -1.53882 0.117374 -0.0598067 0.991285 0.108173
-0.74834 -0.661193 0.0530284 1.24778 0.651745 -0.747799 -0.126589 -1.58825 0.123355 -0.0601708 0.990537 0.100985
-0.749893 -0.659172 0.0561467 1.30642 0.649806 -0.749839 -0.124471 -1.63473 0.124149 -0.0568551 0.990633 0.0939581
-0.749599 -0.659217 0.0594565 1.37269 0.650208 -0.750193 -0.120166 -1.68028 0.123819 -0.0514173 0.990972 0.0889342
-0.750372 -0.65808 0.0622333 1.43909 0.649153 -0.751389 -0.118384 -1.73016 0.124667 -0.0484329 0.991016 0.0835666
-0.753073 -0.655281 0.0590582 1.49366 0.647283 -0.753976 -0.112009 -1.78395 0.117926 -0.0461239 0.991951 0.0883028
-0.754549 -0.653731 0.0573711 1.55312 0.646686 -0.755579 -0.104392 -1.83067 0.111593 -0.0416679 0.99288 0.0899333
-0.755735 -0.652378 0.057163 1.62284 0.647019 -0.757298 -0.0886874 -1.858 0.101147 -0.0300386 0.994418 0.0879269
-0.756448 -0.65159 0.0567177 1.70146 0.64696 -0.758162 -0.081445 -1.87192 0.09607 -0.0249148 0.995063 0.0823054
-0.753789 -0.654653 0.0568449 1.77544 0.650641 -0.755678 -0.0749479 -1.88584 0.0920213 -0.0195092 0.995566 0.0705635
-0.736219 -0.674281 0.0576756 1.84714 0.670938 -0.738387 -0.0680188 -1.9181 0.0884507 -0.01138 0.996016 0.0569026
-0.714646 -0.69755 0.0520017 1.89424 0.695115 -0.716513 -0.0585107 -1.98634 0.0780741 -0.00566727 0.996931 0.055638
-0.693162 -0.719297 0.0462415 1.92491 0.717243 -0.694688 -0.0545038 -2.07703 0.0713278 -0.00461357 0.997442 0.0615568
-0.667843 -0.74318 0.0408676 1.9447 0.74143 -0.669081 -0.0511053 -2.17471 0.0653242 -0.00382976 0.997857 0.0641851
-0.642623 -0.76531 0.0365696 1.97099 0.763948 -0.643661 -0.0456449 -2.26297 0.0584709 -0.00139519 0.998288 0.0592002
-0.631735 -0.774248 0.0380905 2.0282 0.772894 -0.632882 -0.0457811 -2.32967 0.0595528 0.000518402 0.998225 0.0508188
-0.644951 -0.763204 0.0394639 2.09845 0.761686 -0.646157 -0.048115 -2.38506 0.0622214 -0.000972714 0.998062 0.0365771
-0.654681 -0.755077 0.0353817 2.16694 0.753744 -0.655631 -0.0449268 -2.43099 0.0571205 -0.00274402 0.998363 0.02663
-0.653253 -0.756507 0.0309417 2.22358 0.755355 -0.653973 -0.0419291 -2.47928 0.0519547 -0.00401837 0.998641 0.0227121
-0.65501 -0.755145 0.026783 2.27224 0.7541 -0.655529 -0.0401901 -2.53112 0.0479064 -0.00612792 0.998833 0.0195473
-0.65632 -0.754098 0.0240638 2.31615 0.753141 -0.656721 -0.0386769 -2.59077 0.0449694 -0.00726104 0.998962 0.0190367
-0.657619 -0.753048 0.0213454 2.35999 0.752177 -0.657912 -0.0371698 -2.65035 0.042034 -0.00838802 0.999081 0.0185267
-0.657369 -0.75326 0.021578 2.40144 0.752426 -0.657679 -0.0362424 -2.7068 0.0414914 -0.00758877 0.99911 0.0153885
-0.657119 -0.753471 0.0218108 2.44288 0.752674 -0.657446 -0.0353155 -2.76324 0.0409486 -0.00679002 0.999138 0.0122517
-0.657764 -0.753007 0.018078 2.48159 0.752353 -0.657968 -0.0322897 -2.81157 0.0362091 -0.00763792 0.999315 0.0137841
-0.659674 -0.751399 0.0151548 2.51718 0.75075 -0.659768 -0.0328781 -2.86049 0.0347032 -0.0103113 0.999344 0.0138893
-0.661575 -0.74978 0.012234 2.55275 0.749144 -0.661561 -0.0334733 -2.9094 0.0331912 -0.01298 0.999365 0.0139966
-0.662444 -0.749056 0.00912445 2.58985 0.748339 -0.662265 -0.0373261 -2.95694 0.0340021 -0.0178983 0.999261 0.015264
-0.65952 -0.751631 0.00922067 2.63497 0.750943 -0.659363 -0.0363884 -2.9932 0.0334304 -0.0170747 0.999295 0.0168031
-0.655387 -0.755214 0.0109673 2.68747 0.754552 -0.655318 -0.0347832 -3.03563 0.0334558 -0.0145211 0.999335 0.0244007
-0.650285 -0.759572 0.0134184 2.73752 0.758708 -0.65024 -0.0393597 -3.08781 0.0386217 -0.0154144 0.999135 0.0232328
-0.634693 -0.772602 0.0158641 2.78022 0.771206 -0.634583 -0.0504583 -3.1709 0.0490512 -0.0197911 0.9986 0.0153781
-0.610174 -0.792058 0.018212 2.81506 0.789843 -0.609943 -0.064167 -3.26691 0.0619323 -0.0247684 0.997773 -0.000856101
-0.584063 -0.811558 0.0156262 2.83926 0.80891 -0.583539 -0.0717332 -3.35376 0.0673341 -0.0292565 0.997301 -0.0103326
-0.554549 -0.832015 0.0150329 2.85576 0.828809 -0.553849 -0.0795357 -3.42141 0.0745009 -0.0316471 0.996719 -0.0164458
-0.521458 -0.853211 0.0106154 2.86944 0.849279 -0.520178 -0.0902227 -3.48674 0.0825008 -0.0380319 0.995865 -0.0135852
-0.484292 -0.874865 0.00856475 2.89102 0.870417 -0.482775 -0.0964485 -3.56696 0.0885142 -0.0392544 0.995301 -0.0112527
-0.441205 -0.897374 0.00765668 2.91672 0.892464 -0.439654 -0.101061 -3.65966 0.0940556 -0.0377553 0.994851 -0.0149392
-0.403916 -0.914763 0.00774163 2.94255 0.909468 -0.402461 -0.104373 -3.76239 0.0985927 -0.0351173 0.994508 -0.0247386
-0.392793 -0.919561 0.011039 2.97212 0.91363 -0.391572 -0.109318 -3.853 0.104847 -0.0328538 0.993945 -0.0374758
-0.381572 -0.924229 0.014282 3.00171 0.91764 -0.380618 -0.114308 -3.94371 0.111083 -0.0305111 0.993343 -0.0502281
-0.376728 -0.926184 0.016135 3.05035 0.919526 -0.376013 -0.114393 -4.03101 0.112015 -0.0282583 0.993305 -0.0598354
-0.37187 -0.928111 0.0179881 3.099 0.921389 -0.371396 -0.114486 -4.11833 0.112937 -0.0259999 0.993262 -0.0694421
-0.379781 -0.924929 0.0165199 3.13211 0.918356 -0.379111 -0.113563 -4.21009 0.1113 -0.0279579 0.993393 -0.076192
-0.395982 -0.918185 0.0116102 3.14925 0.912796 -0.394972 -0.103923 -4.28334 0.100007 -0.030554 0.994518 -0.0792968
-0.438458 -0.898671 0.0120626 3.16048 0.893585 -0.437335 -0.101211 -4.33029 0.0962306 -0.0335977 0.994792 -0.0825465
-0.496741 -0.867834 0.0105936 3.17436 0.863693 -0.495498 -0.0922806 -4.35264 0.0853333 -0.03669 0.995677 -0.0851615
-0.556485 -0.830843 0.00497501 3.18092 0.827781 -0.554929 -0.0826583 -4.36932 0.0714368 -0.0418799 0.996566 -0.0839934
-0.609866 -0.792474 -0.00696727 3.1865 0.790868 -0.608018 -0.0695808 -4.38122 0.0509048 -0.0479452 0.997552 -0.0791498
-0.642939 -0.765631 -0.0209419 3.20117 0.765148 -0.640828 -0.0623495 -4.40168 0.0343166 -0.0561106 0.997835 -0.0739115
-0.650328 -0.759308 -0.0229252 3.23895 0.758923 -0.648084 -0.0634212 -4.43139 0.0332988 -0.0586431 0.997724 -0.0705707
-0.643803 -0.764801 -0.0244275 3.29603 0.764653 -0.641826 -0.0580105 -4.4556 0.0286883 -0.0560259 0.998017 -0.0704497
-0.634956 -0.772361 -0.016972 3.35074 0.77185 -0.633297 -0.0564144 -4.49459 0.032824 -0.0489205 0.998263 -0.0755205
-0.631227 -0.775454 -0.0149645 3.3949 0.774845 -0.629646 -0.0562301 -4.55715 0.0341816 -0.0470891 0.998306 -0.0811579
-0.632486 -0.774378 -0.0173474 3.43326 0.773829 -0.630741 -0.0579155 -4.6243 0.0339067 -0.0500547 0.998171 -0.0843045
-0.632892 -0.774049 -0.0171976 3.46815 0.773463 -0.631107 -0.0588055 -4.66659 0.0346648 -0.0505193 0.998121 -0.088137
-0.630958 -0.775558 -0.0200499 3.48198 0.775217 -0.629242 -0.0556139 -4.70798 0.0305155 -0.0506331 0.998251 -0.08576
-0.629379 -0.776843 -0.019933 3.50555 0.776578 -0.627812 -0.0527221 -4.75591 0.0284426 -0.0486617 0.99841 -0.0804607
-0.626991 -0.778818 -0.0180062 3.55621 0.778499 -0.62555 -0.051253 -4.82427 0.028653 -0.046153 0.998523 -0.0789616
-0.625224 -0.780328 -0.0134888 3.61981 0.779923 -0.624081 -0.0473632 -4.89415 0.0285408 -0.0401329 0.998787 -0.0782048
-0.621935 -0.782995 -0.0107871 3.68016 0.782518 -0.620922 -0.0460626 -4.9473 0.0293688 -0.037089 0.99888 -0.0862656
-0.620292 -0.784329 -0.00811297 3.71063 0.783741 -0.619346 -0.0464832 -4.97928 0.0314334 -0.0351916 0.998886 -0.0957427
-0.618641 -0.785655 -0.00544134 3.74107 0.784959 -0.617769 -0.0469088 -5.01124 0.0334926 -0.0332909 0.998884 -0.105213
-0.603882 -0.797073 0.000618411 3.77395 0.795922 -0.603051 -0.0532744 -5.0429 0.0428365 -0.0316792 0.99858 -0.100452
-0.581525 -0.813527 0.00161482 3.80918 0.812339 -0.580781 -0.0529078 -5.08791 0.0439798 -0.0294554 0.998598 -0.0915675
-0.554625 -0.8321 0.000489391 3.84356 0.831051 -0.553955 -0.0498744 -5.14375 0.0417716 -0.0272549 0.998755 -0.0881944
-0.527571 -0.849507 -0.00244666 3.87549 0.848588 -0.526862 -0.048117 -5.21414 0.0395867 -0.0274614 0.998839 -0.0900234
-0.503567 -0.863946 -0.0041789 3.92333 0.863239 -0.502946 -0.0431562 -5.29635 0.0351829 -0.0253394 0.99906 -0.0960502
-0.491614 -0.870795 -0.00564747 3.97518 0.869948 -0.490826 -0.0477473 -5.38745 0.0388062 -0.0283862 0.998843 -0.100408
-0.495393 -0.868628 -0.00843892 4.01868 0.867884 -0.49451 -0.0472951 -5.46516 0.0369087 -0.0307537 0.998845 -0.102789
-0.49769 -0.867314 -0.00841725 4.05378 0.866483 -0.496731 -0.0496578 -5.53066 0.0388878 -0.0320076 0.998731 -0.103825
-0.496202 -0.86816 -0.00908315 4.08809 0.867434 -0.495292 -0.0473733 -5.57712 0.0366288 -0.0313858 0.998836 -0.104743
-0.49499 -0.868849 -0.00924989 4.12181 0.868084 -0.494038 -0.0485474 -5.60579 0.0376106 -0.0320602 0.998778 -0.105565
-0.493052 -0.869958 -0.00852086 4.1547 0.869183 -0.492141 -0.0481453 -5.66878 0.037691 -0.0311443 0.998804 -0.106986
-0.491154 -0.871041 -0.00737002 4.17871 0.870323 -0.490363 -0.0456296 -5.73518 0.0361313 -0.0288255 0.998931 -0.10685
-0.488072 -0.872754 -0.00931735 4.19818 0.872176 -0.487289 -0.0431044 -5.79964 0.0330793 -0.0291644 0.999027 -0.106751
-0.484737 -0.8746 -0.0102577 4.21647 0.874137 -0.484007 -0.040272 -5.85153 0.0302571 -0.0284879 0.999136 -0.104677
-0.480165 -0.877098 -0.0118842 4.24795 0.876792 -0.479507 -0.0361742 -5.91964 0.0260297 -0.0277896 0.999275 -0.104803
-0.477401 -0.878624 -0.0104083 4.30573 0.878111 -0.476627 -0.0418133 -5.99729 0.0317773 -0.0291013 0.999071 -0.105564
-0.473684 -0.880645 -0.0093699 4.36696 0.879979 -0.472843 -0.0453541 -6.08823 0.0355104 -0.0297288 0.998927 -0.101512
-0.469065 -0.883124 -0.00841775 4.41573 0.882505 -0.468326 -0.0430796 -6.16973 0.0341024 -0.0276358 0.999036 -0.095581
-0.466576 -0.884455 -0.006822 4.44418 0.883862 -0.465947 -0.0409963 -6.23002 0.0330807 -0.0251576 0.999136 -0.098412
-0.464082 -0.885777 -0.00521913 4.47266 0.885212 -0.463557 -0.0389155 -6.29036 0.0320511 -0.0226801 0.999229 -0.101243
-0.464377 -0.885598 -0.0084395 4.48935 0.885098 -0.463739 -0.0393453 -6.32596 0.0309304 -0.0257408 0.99919 -0.104304
-0.464102 -0.885703 -0.0118335 4.5228 0.885302 -0.463369 -0.0391004 -6.35376 0.0291481 -0.0286228 0.999165 -0.110209
-0.463821 -0.885798 -0.0152187 4.55616 0.885506 -0.463001 -0.0388547 -6.38148 0.0273712 -0.0314979 0.999129 -0.116101
-0.46178 -0.886823 -0.0174326 4.58831 0.886673 -0.460995 -0.0359754 -6.4388 0.0238675 -0.0320697 0.999201 -0.112417
-0.458996 -0.888221 -0.0196645 4.59798 0.888196 -0.458241 -0.0335142 -6.50403 0.020757 -0.0328488 0.999245 -0.105384
-0.456194 -0.889611 -0.0218933 4.60767 0.889705 -0.455479 -0.0310405 -6.56939 0.017642 -0.0336391 0.999278 -0.0983384
-0.454348 -0.890448 -0.0258831 4.60967 0.890754 -0.453755 -0.0257736 -6.62468 0.0112055 -0.0347657 0.999333 -0.0936888
-0.453067 -0.891104 -0.0257647 4.63619 0.891358 -0.452347 -0.0293753 -6.71673 0.0145218 -0.0362746 0.999236 -0.0999793
-0.451785 -0.891758 -0.0256515 4.66272 0.891948 -0.450933 -0.0329792 -6.80884 0.0178424 -0.0377793 0.999127 -0.106276
-0.45212 -0.891465 -0.0296216 4.70901 0.891742 -0.451031 -0.0369884 -6.88405 0.0196137 -0.043138 0.998877 -0.116018
-0.450888 -0.891912 -0.0345325 4.74779 0.89235 -0.449557 -0.0401122 -6.95318 0.0202522 -0.0489012 0.998598 -0.117231
-0.44709 -0.893624 -0.0393332 4.77417 0.894331 -0.445753 -0.0384193 -6.99011 0.0167996 -0.0523538 0.998487 -0.110292
-0.443821 -0.895128 -0.0420618 4.80135 0.896035 -0.442662 -0.034239 -7.01053 0.0120292 -0.0528848 0.998528 -0.103937
-0.440586 -0.896746 -0.0415927 4.83022 0.897665 -0.439626 -0.0304445 -7.03773 0.00901574 -0.0507498 0.998671 -0.0985676
-0.435699 -0.899095 -0.0423644 4.86399 0.900075 -0.434916 -0.0267008 -7.0969 0.00558164 -0.0497646 0.998745 -0.0985793
-0.431642 -0.901051 -0.0423348 4.90969 0.902042 -0.431038 -0.0229505 -7.17286 0.00243161 -0.0480941 0.99884 -0.0979577
-0.429946 -0.901833 -0.0429377 4.94085 0.902854 -0.429529 -0.0189728 -7.24399 -0.00133271 -0.0469237 0.998898 -0.0934836
-0.427974 -0.90279 -0.0425334 4.9694 0.903788 -0.427617 -0.0176261 -7.31315 -0.00227538 -0.0459847 0.99894 -0.0892837
-0.425997 -0.903743 -0.0421254 4.99802 0.904719 -0.425698 -0.0162774 -7.38246 -0.00322206 -0.0450458 0.99898 -0.0850743
-0.421185 -0.906154 -0.0385771 5.04938 0.906974 -0.420836 -0.0171483 -7.46057 -0.00069559 -0.042211 0.999108 -0.0839355
-0.42197 -0.905697 -0.0406809 5.08174 0.906608 -0.421634 -0.0169394 -7.55498 -0.00181049 -0.0440295 0.999029 -0.0930702
-0.422751 -0.905235 -0.0427821 5.11405 0.906241 -0.42243 -0.0167325 -7.64927 -0.00292558 -0.0458446 0.998944 -0.102193
-0.420602 -0.906076 -0.046038 5.12956 0.907233 -0.420321 -0.0161074 -7.71619 -0.00475616 -0.048542 0.99881 -0.100325
-0.419133 -0.906723 -0.046687 5.1422 0.907915 -0.418806 -0.0170517 -7.77135 -0.00409165 -0.0495348 0.998764 -0.0899065
-0.417666 -0.907367 -0.0473365 5.15481 0.908594 -0.417292 -0.0179934 -7.82643 -0.00342657 -0.0505249 0.998717 -0.0795055
-0.416417 -0.907976 -0.0466505 5.18288 0.909174 -0.415877 -0.0212009 -7.88128 -0.000150939 -0.0512418 0.998686 -0.076927
-0.415164 -0.908584 -0.0459683 5.21096 0.909741 -0.414458 -0.0244118 -7.93617 0.00312827 -0.0519542 0.998645 -0.0743481
-0.411381 -0.910397 -0.0440835 5.24952 0.911443 -0.410567 -0.0265773 -7.99036 0.00609669 -0.051113 0.998674 -0.0797014
-0.408322 -0.911838 -0.0427094 5.26869 0.912826 -0.407626 -0.0243036 -8.03946 0.00475153 -0.04891 0.998792 -0.0816642
-0.405467 -0.913167 -0.0414976 5.29307 0.914104 -0.404879 -0.0220801 -8.09664 0.00336134 -0.0468859 0.998895 -0.0750682
-0.402555 -0.914487 -0.0407874 5.32091 0.915395 -0.402084 -0.0195153 -8.15731 0.00144655 -0.0451926 0.998977 -0.0667484
-0.39964 -0.915796 -0.0400691 5.34874 0.916672 -0.399281 -0.0169529 -8.21797 -0.000473389 -0.0435053 0.999053 -0.0584279
-0.396358 -0.917322 -0.0376933 5.38718 0.918096 -0.39604 -0.0158904 -8.27195 -0.000351436 -0.0409043 0.999163 -0.0601771
-0.394352 -0.918268 -0.0356541 5.44015 0.918958 -0.393992 -0.0169162 -8.34069 0.00148622 -0.0394355 0.999221 -0.0627068
-0.393385 -0.918702 -0.0351396 5.48903 0.919372 -0.393023 -0.0169662 -8.40607 0.00177616 -0.0389806 0.999238 -0.066476
-0.392419 -0.919134 -0.034626 5.53784 0.919784 -0.392056 -0.0170166 -8.47134 0.00206522 -0.0385261 0.999255 -0.0702397
-0.392679 -0.919023 -0.0346521 5.58623 0.919671 -0.392285 -0.0178135 -8.56907 0.00277751 -0.0388635 0.999241 -0.0672176
-0.392939 -0.91891 -0.034678 5.63464 0.919558 -0.392514 -0.0186107 -8.66682 0.00348995 -0.0392013 0.999225 -0.0641946
-0.393265 -0.918743 -0.0354148 5.66652 0.919418 -0.392822 -0.0190064 -8.77186 0.00355029 -0.0400356 0.999192 -0.0584275
-0.393592 -0.918574 -0.036152 5.69842 0.919278 -0.39313 -0.0194027 -8.87697 0.00361039 -0.0408705 0.999158 -0.0526565
-0.405491 -0.913356 -0.0368623 5.70543 0.914099 -0.405134 -0.0170115 -8.94305 0.000603398 -0.0405938 0.999176 -0.0494463
-0.430857 -0.901716 -0.0356567 5.70363 0.902418 -0.430435 -0.0191668 -9.00088 0.00193509 -0.0404354 0.99918 -0.048392
-0.456874 -0.889009 -0.0304791 5.71168 0.889493 -0.456264 -0.0250191 -9.03568 0.00833566 -0.0385415 0.999222 -0.0449953
-0.477715 -0.878207 -0.0232392 5.73873 0.878388 -0.477031 -0.0295977 -9.05968 0.0149071 -0.0345523 0.999292 -0.0478153
-0.497834 -0.867054 -0.0194605 5.76381 0.867 -0.49699 -0.0362171 -9.0848 0.0217305 -0.0349024 0.999154 -0.0517703
-0.513737 -0.857705 -0.0203991 5.7821 0.857604 -0.512713 -0.0405103 -9.11038 0.024287 -0.038306 0.998971 -0.0535588
-0.509092 -0.860444 -0.0214665 5.80981 0.860333 -0.50797 -0.0423477 -9.1575 0.0255335 -0.0400272 0.998872 -0.0519081
-0.498131 -0.866836 -0.0214847 5.84545 0.866813 -0.497172 -0.0381551 -9.23235 0.0223926 -0.0376295 0.999041 -0.0520379
-0.493851 -0.869332 -0.0193356 5.8941 0.869239 -0.492962 -0.037576 -9.32011 0.0231343 -0.0353642 0.999107 -0.0540687
-0.491446 -0.870716 -0.0182662 5.9457 0.87065 -0.490683 -0.0346141 -9.40403 0.0211761 -0.0329145 0.999234 -0.053958
-0.489042 -0.872091 -0.0171892 5.99727 0.872049 -0.488394 -0.0316561 -9.4879 0.0192119 -0.0304709 0.999351 -0.0538453
-0.488251 -0.872536 -0.017115 6.0404 0.872407 -0.48748 -0.0356144 -9.55513 0.0227316 -0.03232 0.999219 -0.0531317
-0.487458 -0.87298 -0.0170443 6.08359 0.872752 -0.486557 -0.0395781 -9.62244 0.0262579 -0.0341681 0.999071 -0.0524193
-0.48637 -0.873608 -0.0159291 6.13673 0.873195 -0.485327 -0.0445893 -9.69832 0.0312227 -0.0355961 0.998878 -0.0528719
-0.485867 -0.873889 -0.0158541 6.19512 0.873314 -0.484652 -0.0493475 -9.77981 0.0354405 -0.0378219 0.998656 -0.0609141
-0.4842 -0.874809 -0.0161279 6.24944 0.874262 -0.482997 -0.0487825 -9.86147 0.0348857 -0.0377205 0.998679 -0.0672029
-0.485602 -0.873946 -0.0202223 6.29443 0.873532 -0.484222 -0.0497094 -9.94201 0.0336512 -0.0418038 0.998559 -0.072614
-0.485983 -0.87369 -0.0220321 6.33534 0.873116 -0.484243 -0.0563615 -10.0265 0.0385736 -0.0466273 0.998167 -0.0725682
-0.483196 -0.875307 -0.0189663 6.37394 0.874447 -0.481427 -0.0597524 -10.1288 0.0431708 -0.0454571 0.998033 -0.0677638
-0.478657 -0.877859 -0.0158486 6.4374 0.876864 -0.477041 -0.0595082 -10.2217 0.0446794 -0.0423811 0.998102 -0.0640459
-0.476374 -0.879158 -0.0122018 6.50565 0.878063 -0.474971 -0.0583679 -10.3127 0.0455191 -0.0385189 0.998221 -0.0653476
-0.476106 -0.879334 -0.00970612 6.55134 0.878121 -0.474799 -0.0588956 -10.415 0.0471805 -0.0365637 0.998217 -0.0748878
-0.474634 -0.880148 -0.00791755 6.59266 0.878598 -0.47322 -0.0642516 -10.5294 0.0528041 -0.0374523 0.997902 -0.079655
-0.473715 -0.880632 -0.00906543 6.62989 0.879065 -0.472199 -0.0653637 -10.6365 0.0532807 -0.0389329 0.99782 -0.0809265
-0.472573 -0.881276 -0.00532739 6.67935 0.879089 -0.470956 -0.0735101 -10.7464 0.0622737 -0.0394221 0.99728 -0.079396
-0.472071 -0.881518 -0.00869244 6.72792 0.879243 -0.470092 -0.0771032 -10.8527 0.0638816 -0.0440409 0.996985 -0.0725624
-0.468622 -0.88335 -0.00932329 6.77096 0.881468 -0.466875 -0.0710035 -10.9399 0.0583681 -0.041492 0.997432 -0.0668003
-0.463235 -0.886223 -0.004613 6.8228 0.884427 -0.461951 -0.0662522 -11.0239 0.0565832 -0.0347702 0.997792 -0.0580232
-0.462403 -0.886664 -0.00320652 6.86575 0.885095 -0.461364 -0.0612356 -11.1048 0.052816 -0.0311536 0.998118 -0.0701849
-0.461018 -0.887379 -0.0045746 6.91303 0.885951 -0.45997 -0.0593167 -11.1921 0.0505322 -0.0313989 0.998229 -0.0916054
-0.461508 -0.887098 -0.00823903 6.98212 0.885692 -0.460207 -0.0613167 -11.2769 0.0506022 -0.0355953 0.998084 -0.109498
-0.461133 -0.887263 -0.0110177 7.06327 0.885715 -0.459509 -0.066028 -11.3782 0.0535214 -0.0402063 0.997757 -0.123975
-0.459332 -0.888159 -0.0137015 7.13822 0.886905 -0.457721 -0.0623706 -11.5075 0.0491235 -0.0408007 0.997959 -0.126443
-0.456617 -0.889564 -0.0133046 7.21241 0.888518 -0.455219 -0.0575397 -11.6479 0.0451287 -0.038095 0.998255 -0.126251
-0.454469 -0.890653 -0.0139539 7.2798 0.889654 -0.453067 -0.0569723 -11.7846 0.0444205 -0.0383063 0.998278 -0.122804
-0.454007 -0.890906 -0.0127767 7.33162 0.889717 -0.452539 -0.0600945 -11.9131 0.0477566 -0.038651 0.998111 -0.123695
-0.453675 -0.891077 -0.0126487 7.36469 0.889957 -0.452275 -0.0585103 -12.0206 0.0464165 -0.0378015 0.998207 -0.137838
-0.455572 -0.889974 -0.0200011 7.39052 0.889302 -0.45399 -0.0550806 -12.1217 0.03994 -0.0428802 0.998282 -0.151941
-0.456598 -0.889224 -0.0282618 7.40935 0.889011 -0.454802 -0.0530509 -12.2266 0.0343206 -0.049348 0.998192 -0.164499
-0.456173 -0.889308 -0.0322118 7.43673 0.889374 -0.454374 -0.0505841 -12.3303 0.0303486 -0.0517235 0.9982 -0.172498
-0.456585 -0.889077 -0.0327365 7.47613 0.889151 -0.454737 -0.0512309 -12.4304 0.0306617 -0.052499 0.99815 -0.172414
-0.461764 -0.886389 -0.0329876 7.52048 0.886473 -0.459882 -0.0517146 -12.529 0.0306689 -0.0531226 0.998117 -0.171295
-0.471178 -0.881396 -0.0336588 7.56653 0.881617 -0.469431 -0.0488411 -12.6274 0.0272479 -0.052687 0.998239 -0.164921
-0.482077 -0.87545 -0.0345014 7.61441 0.875823 -0.480493 -0.0453917 -12.7198 0.0231605 -0.0520994 0.998373 -0.159994
-0.492994 -0.869515 -0.0300108 7.67239 0.86955 -0.491277 -0.0502999 -12.8064 0.0289929 -0.0508934 0.998283 -0.159787
-0.488366 -0.872186 -0.0281064 7.72774 0.872033 -0.486574 -0.0529576 -12.868 0.032513 -0.0503724 0.998201 -0.160134
-0.482325 -0.875529 -0.0284809 7.78663 0.875279 -0.480366 -0.0560002 -12.9399 0.0353486 -0.051939 0.998024 -0.157191
-0.482965 -0.87507 -0.0315751 7.84138 0.874905 -0.480768 -0.0583413 -13.0189 0.0358724 -0.055802 0.997797 -0.153733
-0.481822 -0.875571 -0.0349614 7.88987 0.875655 -0.479607 -0.0566213 -13.1117 0.0328083 -0.0578955 0.997783 -0.141652
-0.480865 -0.87602 -0.0368585 7.93566 0.876283 -0.478722 -0.0543506 -13.2094 0.0299672 -0.0584338 0.997841 -0.133892
-0.479901 -0.876466 -0.0387533 7.98144 0.876903 -0.477838 -0.0520775 -13.3072 0.0271264 -0.0589749 0.997891 -0.126133
-0.476695 -0.878262 -0.0376666 8.03293 0.878672 -0.474755 -0.0504272 -13.4049 0.0264059 -0.0571349 0.998017 -0.130224
-0.475607 -0.878936 -0.0356326 8.08986 0.879314 -0.473897 -0.0472125 -13.5127 0.0246106 -0.0537868 0.998249 -0.14486
-0.475537 -0.879065 -0.0333083 8.14623 0.87928 -0.473807 -0.048729 -13.6367 0.0270543 -0.0524597 0.998257 -0.154195
-0.475834 -0.878814 -0.0356145 8.19946 0.879241 -0.474238 -0.0451098 -13.7652 0.0227533 -0.0527785 0.998347 -0.151335
-0.475508 -0.878727 -0.0416094 8.25115 0.879577 -0.474077 -0.0399322 -13.8829 0.0153635 -0.0555868 0.998336 -0.147013
-0.473857 -0.879641 -0.041118 8.327 0.880423 -0.472305 -0.0422177 -13.9933 0.0177162 -0.0562064 0.998262 -0.144398
-0.472527 -0.880574 -0.0361553 8.41137 0.880842 -0.47053 -0.0521519 -14.1087 0.0289115 -0.0564903 0.997984 -0.145677
-0.471218 -0.881317 -0.0351183 8.49149 0.881426 -0.469074 -0.055292 -14.2181 0.0322568 -0.0570088 0.997852 -0.139786
-0.469852 -0.882253 -0.0294926 8.57265 0.88174 -0.46746 -0.0633741 -14.3432 0.0421253 -0.0557812 0.997554 -0.140589
-0.470309 -0.881946 -0.03131 8.64269 0.88154 -0.467845 -0.0633123 -14.4668 0.0411899 -0.0573774 0.997503 -0.14417
-0.470555 -0.881775 -0.032433 8.70782 0.881576 -0.468253 -0.0596966 -14.5875 0.0374521 -0.0566827 0.99769 -0.146331
-0.470506 -0.881587 -0.037793 8.75044 0.88173 -0.468054 -0.0589735 -14.7088 0.0343012 -0.0610706 0.997544 -0.137323
-0.471636 -0.880272 -0.0517716 8.77854 0.88165 -0.469686 -0.0457087 -14.8158 0.0159197 -0.0672023 0.997612 -0.132929
-0.473652 -0.878901 -0.056451 8.81717 0.880634 -0.471785 -0.0436128 -14.9362 0.0116986 -0.07037 0.997452 -0.140158
-0.47113 -0.880814 -0.0469344 8.87692 0.881597 -0.468481 -0.0575552 -15.0724 0.0287076 -0.0684932 0.997238 -0.145282
-0.469713 -0.8816 -0.0463704 8.9262 0.882114 -0.466593 -0.0645373 -15.2043 0.03526 -0.071218 0.996837 -0.150094
-0.46938 -0.881673 -0.0483276 8.97067 0.882133 -0.465798 -0.0698124 -15.334 0.0390408 -0.0753999 0.996389 -0.154039
-0.472701 -0.87988 -0.0486229 9.01925 0.880392 -0.469141 -0.069404 -15.4505 0.0382562 -0.0756146 0.996403 -0.157764
